#  Matrix made by matblas from blosum62.iij
#  * column uses minimum score
#  BLOSUM Clustered Scoring Matrix in 1/2 Bit Units
#  Blocks Database = /data/blocks_5.0/blocks.dat
#  Cluster Percentage: >= 62
#  Entropy =   0.6979, Expected =  -0.5209
   A  R  N  D  C  Q  E  G  H  I  L  K  M  F  P  S  T  W  Y  V  B  Z  X  *
A  4 -1 -2 -2  0 -1 -1  0 -2 -1 -1 -1 -1 -2 -1  1  0 -3 -2  0 -2 -1  0 -4 
R -1  5  0 -2 -3  1  0 -2  0 -3 -2  2 -1 -3 -2 -1 -1 -3 -2 -3 -1  0 -1 -4 
N -2  0  6  1 -3  0  0  0  1 -3 -3  0 -2 -3 -2  1  0 -4 -2 -3  3  0 -1 -4 
D -2 -2  1  6 -3  0  2 -1 -1 -3 -4 -1 -3 -3 -1  0 -1 -4 -3 -3  4  1 -1 -4 
C  0 -3 -3 -3  9 -3 -4 -3 -3 -1 -1 -3 -1 -2 -3 -1 -1 -2 -2 -1 -3 -3 -2 -4 
Q -1  1  0  0 -3  5  2 -2  0 -3 -2  1  0 -3 -1  0 -1 -2 -1 -2  0  3 -1 -4 
E -1  0  0  2 -4  2  5 -2  0 -3 -3  1 -2 -3 -1  0 -1 -3 -2 -2  1  4 -1 -4 
G  0 -2  0 -1 -3 -2 -2  6 -2 -4 -4 -2 -3 -3 -2  0 -2 -2 -3 -3 -1 -2 -1 -4 
H -2  0  1 -1 -3  0  0 -2  8 -3 -3 -1 -2 -1 -2 -1 -2 -2  2 -3  0  0 -1 -4 
I -1 -3 -3 -3 -1 -3 -3 -4 -3  4  2 -3  1  0 -3 -2 -1 -3 -1  3 -3 -3 -1 -4 
L -1 -2 -3 -4 -1 -2 -3 -4 -3  2  4 -2  2  0 -3 -2 -1 -2 -1  1 -4 -3 -1 -4 
K -1  2  0 -1 -3  1  1 -2 -1 -3 -2  5 -1 -3 -1  0 -1 -3 -2 -2  0  1 -1 -4 
M -1 -1 -2 -3 -1  0 -2 -3 -2  1  2 -1  5  0 -2 -1 -1 -1 -1  1 -3 -1 -1 -4 
F -2 -3 -3 -3 -2 -3 -3 -3 -1  0  0 -3  0  6 -4 -2 -2  1  3 -1 -3 -3 -1 -4 
P -1 -2 -2 -1 -3 -1 -1 -2 -2 -3 -3 -1 -2 -4  7 -1 -1 -4 -3 -2 -2 -1 -2 -4 
S  1 -1  1  0 -1  0  0  0 -1 -2 -2  0 -1 -2 -1  4  1 -3 -2 -2  0  0  0 -4 
T  0 -1  0 -1 -1 -1 -1 -2 -2 -1 -1 -1 -1 -2 -1  1  5 -2 -2  0 -1 -1  0 -4 
W -3 -3 -4 -4 -2 -2 -3 -2 -2 -3 -2 -3 -1  1 -4 -3 -2 11  2 -3 -4 -3 -2 -4 
Y -2 -2 -2 -3 -2 -1 -2 -3  2 -1 -1 -2 -1  3 -3 -2 -2  2  7 -1 -3 -2 -1 -4 
V  0 -3 -3 -3 -1 -2 -2 -3 -3  3  1 -2  1 -1 -2 -2  0 -3 -1  4 -3 -2 -1 -4 
B -2 -1  3  4 -3  0  1 -1  0 -3 -4  0 -3 -3 -2  0 -1 -4 -3 -3  4  1 -1 -4 
Z -1  0  0  1 -3  3  4 -2  0 -3 -3  1 -1 -3 -1  0 -1 -3 -2 -2  1  4 -1 -4 
X  0 -1 -1 -1 -2 -1 -1 -1 -1 -1 -1 -1 -1 -1 -2  0  0 -2 -1 -1 -1 -1 -1 -4 
* -4 -4 -4 -4 -4 -4 -4 -4 -4 -4 -4 -4 -4 -4 -4 -4 -4 -4 -4 -4 -4 -4 -4  1 



% returns the blosum62 matrix without any amino acid reshuffling.

function Blosum62_Matrix = get_Blosum62_Matrix();


% the amino acid order: C S T P A G N D E Q H R K M I L V F Y W 

num_aa = 20;
Blosum62_Matrix = zeros(num_aa,num_aa);
i=0;

i=i+1;Blosum62_Matrix(i,:)=[+9 -1 -1 -3 +0 -3 -3 -3 -4 -3 -3 -3 -3 -1 -1 -1 -1 -2 -2 -2];
i=i+1;Blosum62_Matrix(i,:)=[+0 +4 +1 -1 +1 +0 +1 +0 +0 +0 -1 -1 +0 -1 -2 -2 -2 -2 -2 -3];
i=i+1;Blosum62_Matrix(i,:)=[+0 +0 +4 +1 -1 +1 +0 +1 +0 -0 -0 -1 -0 -1 -2 -2 -2 -2 -2 -3];
i=i+1;Blosum62_Matrix(i,:)=[+0 +0 +0 +7 -1 -2 -1 -1 -1 -1 -2 -2 -1 -2 -3 -3 -2 -4 -3 -4];
i=i+1;Blosum62_Matrix(i,:)=[+0 +0 +0 +0 +4 -0 -1 -2 -1 -1 -2 -1 -1 -1 -1 -1 -2 -2 -2 -3];
i=i+1;Blosum62_Matrix(i,:)=[+0 +0 +0 +0 +0 +6 -2 -1 -2 -2 -2 -2 -2 -3 -4 -4 -0 -3 -3 -2];
i=i+1;Blosum62_Matrix(i,:)=[+0 +0 +0 +0 +0 +0 +6 +1 -0 -0 -1 +0 -0 -2 -3 -3 -3 -3 -2 -4];
i=i+1;Blosum62_Matrix(i,:)=[+0 +0 +0 +0 +0 +0 +0 +6 +2 +0 -1 -2 -1 -3 -3 -4 -3 -3 -3 -4];
i=i+1;Blosum62_Matrix(i,:)=[+0 +0 +0 +0 +0 +0 +0 +0 +5 +2 +0 +0 +1 -2 -3 -3 -3 -3 -2 -3];
i=i+1;Blosum62_Matrix(i,:)=[+0 +0 +0 +0 +0 +0 +0 +0 +0 +5 +0 +1 +1 -0 -3 -2 -2 -3 -1 -2];
i=i+1;Blosum62_Matrix(i,:)=[+0 +0 +0 +0 +0 +0 +0 +0 +0 +0 +8 -0 -1 -2 -3 -3 -2 -1 +2 -2];
i=i+1;Blosum62_Matrix(i,:)=[+0 +0 +0 +0 +0 +0 +0 +0 +0 +0 +0 +5 +2 -1 -3 -2 -3 -3 -2 -3];
i=i+1;Blosum62_Matrix(i,:)=[+0 +0 +0 +0 +0 +0 +0 +0 +0 +0 +0 +0 +5 -1 -3 -2 -3 -3 -2 -3];
i=i+1;Blosum62_Matrix(i,:)=[+0 +0 +0 +0 +0 +0 +0 +0 +0 +0 +0 +0 +0 +5 +1 +2 -2 -0 -1 -1];
i=i+1;Blosum62_Matrix(i,:)=[+0 +0 +0 +0 +0 +0 +0 +0 +0 +0 +0 +0 +0 +0 +4 +2 +1 -0 -1 -3];
i=i+1;Blosum62_Matrix(i,:)=[+0 +0 +0 +0 +0 +0 +0 +0 +0 +0 +0 +0 +0 +0 +0 +4 +3 -0 -1 -2];
i=i+1;Blosum62_Matrix(i,:)=[+0 +0 +0 +0 +0 +0 +0 +0 +0 +0 +0 +0 +0 +0 +0 +0 +4 -1 -1 -3];
i=i+1;Blosum62_Matrix(i,:)=[+0 +0 +0 +0 +0 +0 +0 +0 +0 +0 +0 +0 +0 +0 +0 +0 +0 +6 +3 +1];
i=i+1;Blosum62_Matrix(i,:)=[+0 +0 +0 +0 +0 +0 +0 +0 +0 +0 +0 +0 +0 +0 +0 +0 +0 +0 +7 +2];
i=i+1;Blosum62_Matrix(i,:)=[+0 +0 +0 +0 +0 +0 +0 +0 +0 +0 +0 +0 +0 +0 +0 +0 +0 +0 +0 11];

for i=2:num_aa
    for j=i-1:-1:1
        Blosum62_Matrix(i,j) = Blosum62_Matrix(j,i);
    end
end

% reshuffle = [2 16 17 13 1 6 12 3 4 14 7 15 9 11 8 10 18 5 20 19];

% [x,indexes]=sort(reshuffle);

% temp = zeros(num_aa,num_aa);

% for i=1:num_aa
%    for j=1:num_aa
%        temp(i,j) = Blosum62_Matrix(indexes(i),indexes(j));
%    end
% end

% Blosum62_Matrix = temp;