47	44
526	20
552	54
793	21
818	38
818	5
897	7
1060	5
1088	45
1335	8
1380	28
1863	23
2197	35
2385	47
2387	57
2527	23
2553	22
2571	40
2818	19
2874	41
3101	6
3204	5
3211	24
3257	33
3274	22
3282	56
3389	12
3447	52
3518	38
3546	39
3785	56
3961	31
4027	66
4111	67
4255	101
4367	30
4456	32
4597	42
4988	54
5021	15
5050	14
5138	29
5230	23
5274	60
5338	76
5502	49
5817	40
5853	27
5949	16
6097	18
6099	63
6553	26
6645	25
6663	56
6735	26
6872	59
6967	18
7050	5
7089	26
7148	16
7194	5
7439	36
7487	39
7548	5
7583	62
7728	29
7813	18
7942	56
8003	86
8274	17
8511	64
8561	8
8643	22
8795	31
8803	40
8832	48
9029	17
9044	5
9130	49
9177	22
9248	32
9311	28
9326	58
9340	29
9349	59
9523	5
9624	46
9654	25
9946	55
9949	35
9966	56
10006	18
10058	49
10226	33
10646	13
10674	17
10790	51
10871	49
10947	5
11062	33
11159	23
11331	44
11407	16
11694	69
11863	31
11872	18
11899	5
11937	29
12102	17
12170	47
12178	7
12294	12
12529	66
12682	5
12793	18
12927	63
13026	24
13044	32
13119	5
13137	18
13262	65
13264	17
13271	18
13283	40
13312	7
13522	57
13588	43
13797	42
13851	51
13947	43
14234	25
14254	52
14460	34
14606	41
14799	25
14919	20
15030	58
15172	84
15484	35
15484	5
15624	51
15633	60
15656	43
15738	52
15962	44
15986	6
16031	22
16085	18
16133	62
16142	40
16165	24
16465	37
16556	44
16724	46
17129	12
17192	36
17224	18
17252	42
17362	22
17468	31
17476	44
17568	24
17681	63
17978	5
18381	34
18432	29
18563	42
18581	48
18587	22
18703	5
18751	21
18967	14
19102	13
19264	24
19446	53
19471	41
19553	25
19613	21
19961	18
20057	15
20188	29
20255	5
20265	24
20294	20
20398	38
20406	36
20430	36
20496	41
20499	54
20781	27
20905	61
20929	38
21306	40
21731	23
21732	26
21835	25
21917	13
22105	16
22116	55
22261	5
22353	61
22720	38
22728	35
22883	65
22937	14
22947	38
23028	14
23359	14
23362	32
23370	29
23379	26
23454	44
23581	38
23738	21
23755	13
23905	31
24039	35
24075	57
24258	37
24306	11
24352	23
24409	5
24473	46
24587	30
24675	13
24980	41
25016	16
25152	18
25177	75
25238	37
25269	40
25287	61
25288	29
25399	7
25400	43
25481	28
25540	13
25546	46
25662	51
25739	5
25872	62
25882	26
26147	5
26190	38
26258	40
26521	53
26569	5
26574	10
26686	9
26713	35
26774	7
26793	5
26826	30
26892	22
26935	45
27016	25
27021	12
27168	38
27173	11
27217	16
27303	44
27510	46
27571	52
27616	48
27653	14
27660	43
27695	16
27751	5
27779	26
27993	40
28003	5
28072	60
28080	5
28245	31
28614	36
28723	27
28869	5
29037	54
29162	25
29292	21
29355	30
29542	27
29560	16
29798	36
29889	41
29901	15
29964	8
30017	46
30025	5
30035	32
30081	5
30187	66
30188	23
30238	26
30489	49
30534	14
30534	33
30690	5
30706	43
30761	70
30829	7
30926	5
30957	28
31162	5
31265	34
31298	5
31302	20
31359	44
31435	35
31440	25
31652	51
31830	27
31916	13
31925	30
31943	5
31987	44
32324	24
32365	11
32480	30
32487	15
32558	15
32632	36
32649	34
32735	33
32873	19
33037	42
33052	31
33060	26
33062	53
33403	5
33427	17
33714	69
33741	5
33800	39
34324	9
34430	57
34734	15
34826	5
34856	5
34936	34
35024	5
35239	5
35240	9
35392	43
35445	22
35589	10
35705	14
35758	12
35863	78
35939	39
35973	34
36026	25
36314	7
36481	41
36489	43
36718	30
36724	64
36746	35
36875	73
36946	30
37073	9
37183	49
37322	32
37407	29
37423	57
37450	67
37548	27
37961	57
38118	33
38209	50
38337	9
38511	21
38556	32
38588	13
38642	18
38707	5
38793	26
38819	13
38916	53
39168	5
39243	18
39367	59
39442	25
39553	42
39632	30
39757	46
39758	59
39775	28
39789	40
39804	27
40225	29
40235	44
40252	41
40304	26
40561	40
40896	71
40961	17
41122	58
41143	25
41214	27
41386	19
41482	20
41540	5
41561	47
41561	43
41701	46
41744	30
41774	59
41785	23
41968	5
42003	30
42164	44
42271	30
42287	63
42360	37
42445	15
42817	27
42878	83
42910	34
43057	44
43072	36
43078	30
43198	26
43302	10
43356	88
43388	33
43797	44
44024	5
44178	69
44230	46
44648	19
44745	29
44751	5
44886	29
45118	51
45175	37
45283	11
45366	31
45393	29
45502	18
45506	5
45798	62
45867	18
45870	30
45951	8
46036	35
46159	61
46222	45
46327	54
46567	44
46568	5
46641	54
46838	5
46944	29
46959	11
47031	17
47046	33
47120	67
47125	69
47163	20
47177	18
47387	22
47524	15
47538	41
47548	51
47608	9
47938	63
47947	27
47954	5
47974	60
48110	41
48139	15
48278	37
48300	23
48321	25
48373	46
48417	6
48500	46
48583	46
48762	28
48833	47
48834	16
49037	51
49272	28
49332	45
49398	13
49415	5
49560	14
49596	34
49693	29
49790	33
49929	26
49994	5
50166	9
50242	48
50474	44
50537	49
50733	40
50783	49
50833	14
50882	6
50970	32
51152	24
51395	17
51525	8
51583	33
51598	24
51615	15
51619	30
51654	6
51680	23
51694	27
51884	31
51954	5
52318	13
52423	8
52494	10
52571	46
52574	5
52804	24
52992	99
53356	9
53404	46
53499	5
53499	30
53506	41
53507	57
53555	8
53620	36
53644	42
53688	68
53712	17
53722	31
53762	29
53788	32
53838	11
53887	5
53913	44
53947	44
54023	5
54114	31
54198	18
54219	12
54274	24
54384	33
54527	20
54593	5
54607	39
54657	38
54713	5
54837	27
54971	36
55068	24
55080	34
55190	5
55199	16
55268	59
55435	10
55590	34
55593	50
55722	48
55800	40
55830	23
55941	37
55952	21
55958	24
55992	30
56045	34
56198	54
56237	14
56265	26
56373	40
56440	27
56489	29
56529	21
56566	48
56747	31
56757	42
56780	26
56821	53
56937	67
57026	39
57029	24
57076	17
57162	39
57199	49
57281	23
57399	21
57486	40
57730	49
57741	48
57793	33
57860	23
57875	5
57918	32
58063	42
58197	5
58199	5
58219	55
58433	42
58589	24
58691	41
58757	24
58838	37
59146	16
59324	50
59386	16
59417	5
59491	25
59758	47
59911	5
59917	49
60057	11
60082	37
60193	23
60257	52
60341	49
60435	42
60553	5
60837	82
61110	38
61137	39
61171	11
61187	48
61226	5
61353	31
61358	14
61484	37
61865	45
61954	5
61957	5
62079	51
62125	19
62436	36
62517	24
62546	27
62547	50
62624	49
62655	6
62705	7
62744	5
62828	29
62869	55
62881	66
62924	27
62972	10
63106	29
63614	26
63658	5
63775	19
63816	5
63853	38
63898	39
63985	30
63990	31
64057	34
64184	5
64210	9
64557	49
64641	7
64678	52
64851	20
64955	48
64955	21
64978	53
65022	29
65140	10
65219	23
65284	31
65358	17
65371	26
65613	40
65647	14
65648	23
65692	25
65767	51
65769	44
65998	16
66110	5
66225	42
66246	49
66357	30
66460	74
66465	12
66471	50
66592	9
66601	5
66758	40
66822	39
66910	21
67077	27
67124	36
67228	5
67254	64
67469	18
67508	8
67522	20
67608	38
67689	52
67712	11
67744	5
67802	45
67814	32
67974	30
68121	60
68126	28
68191	58
68512	56
68561	42
68674	11
68737	45
68768	29
68899	6
69022	43
69027	25
69158	25
69172	44
69324	27
69570	36
69644	27
69822	5
69958	65
70026	34
70412	27
70568	18
70737	47
70840	48
70962	44
70981	44
71151	37
71195	8
71274	48
71518	66
71534	19
71649	9
71686	46
71756	9
71914	27
71936	42
72207	36
72358	28
72467	34
72467	47
72517	69
72548	24
72618	35
72733	5
72796	46
72907	47
73231	59
73626	36
73637	71
73851	68
73851	17
74363	40
74392	58
74418	23
74521	31
74556	41
74567	41
74933	5
74953	5
75044	34
75158	52
75191	44
75298	5
75322	72
75380	18
75387	48
75398	5
75419	35
75431	30
75625	41
75687	29
75687	55
75690	5
76237	19
76251	23
76314	39
76641	34
76765	50
76878	21
76885	35
77219	23
77406	31
77482	30
77503	17
77884	52
77953	27
78034	42
78038	55
78110	43
78114	26
78268	38
78293	58
78485	39
78847	29
78864	11
78932	42
79005	43
79032	42
79043	14
79106	14
79280	41
79343	38
79456	5
79484	5
79603	12
79730	48
79886	20
79917	34
79931	28
79983	5
80019	31
80260	51
80347	20
80491	54
80557	68
80845	33
80985	34
80997	23
81055	12
81367	7
81548	29
81618	26
81673	35
81679	12
81725	35
81777	16
81814	46
81843	9
81933	18
82041	45
82082	19
82207	23
82281	33
82370	16
82508	5
82769	22
82777	34
82872	49
83101	26
83349	24
83467	17
83643	44
83768	33
83850	14
83938	24
83974	18
83998	5
84015	45
84045	34
84219	28
84286	37
84328	11
84334	54
84396	16
84611	28
84978	27
85157	5
85583	20
85629	26
85682	20
85705	19
85881	43
85973	26
86122	5
86135	25
86396	27
86432	10
86460	53
86471	44
86543	31
86587	22
86633	39
86711	46
86990	64
87039	6
87123	5
87175	53
87325	39
87329	52
87364	30
87405	31
87512	10
87579	44
87646	50
87661	5
87669	30
87729	23
87824	25
87920	32
87928	45
88015	62
88120	16
88154	18
88215	42
88362	36
88403	26
88464	11
88477	26
88501	30
88601	5
88732	24
88778	58
88891	50
88971	19
89052	65
89132	41
89228	44
89279	46
89372	15
89587	30
89652	56
89653	44
89804	37
89991	28
90015	10
90072	5
90195	31
90349	68
90374	48
90454	5
90494	5
90544	27
90664	21
90702	26
90754	30
90843	12
90846	5
91293	41
91368	33
91532	36
91608	12
91672	5
91697	5
91763	44
91773	39
92098	14
92147	16
92175	22
92229	5
92232	49
92551	43
92634	45
92809	10
93063	46
93065	28
93067	5
93366	25
93518	54
93525	71
93577	17
93757	19
93861	25
93881	34
94088	75
94384	37
94442	6
94471	57
94606	53
94816	51
94912	70
94961	41
95001	31
95076	32
95114	27
95144	42
95500	8
95551	46
95598	5
95647	44
95691	28
95738	12
95848	22
95942	31
95961	13
95994	5
96347	10
96386	36
96673	5
96837	62
97017	41
97390	30
97657	70
97912	33
98052	15
98100	17
98109	42
98321	18
98347	9
98402	67
98499	36
98671	42
98726	29
98857	32
98930	40
99204	37
99625	31
99951	48
